Integrate (Lsodes, 1e-9, 1e-11 , 1);

Simulation { #oral dose twice a week
  
  BW0 = 0.1375;
  BWgrowth= 0;
  sex=1;
  Growthrate = 0.0;
  TChng 	= 0.05;

  # oral and IV administration
  PDose = NDoses(48 , 2770, 0,	2770, 0, 	2770, 0,	2770, 0, 	2770, 0,	2770, 0, 	
                 2770, 0,	2770, 0,	2770, 0,	2770, 0, 	2770, 0,	2770, 0, 	2770, 0,	
                 2770, 0, 	2770, 0,	2770, 0, 	2770, 0,	2770, 0, 	2770, 0,	2770, 0, 	
                 2770, 0,	2770, 0, 	2770, 0,	2770, 0,	
                 0 , 0.05 , 	72 , 72.05 , 	168 , 168.05 , 	240 , 240.05 , 	336 , 336.05 , 	
                 408 , 408.05 , 	504 , 504.05 , 	576 , 576.05 , 	672 , 672.05 , 	744 , 744.05 , 	
                 840 , 840.05 , 	912 , 912.05 , 	1008 , 1008.05 , 	1080 , 1080.05 , 	1176 , 1176.05 , 	
                 1248 , 1248.05 , 	1344 , 1344.05 , 	1416 , 1416.05 , 	1512 , 1512.05 , 	
                 1584 , 1584.05 , 	1680 , 1680.05 , 	1752 , 1752.05 , 	1848 , 1848.05 , 	1920 , 1920.05);
  
  
  IVDose = PerDose(0.0, 24,  0, 0.003);
  Drink = 0;
  
  expowk = 1;
  expodur =  1;
  
  PrintStep (BalanceCheck,  CKU, CBldU, CBrnU, CLU, 0, 2016, 1);

} 
END.



